ddG: description total fa_atr fa_rep fa_sol fa_intra_rep fa_elec pro_close hbond_sr_bb hbond_lr_bb hbond_bb_sc hbond_sc dslf_fa13 coordinate_constraint angle_constraint dihedral_constraint rama omega fa_dun p_aa_pp ref chainbreak res_type_constraint 
ddG: E164G    -2.278     9.451    -1.168   -11.132    -0.005     0.130    -0.029     0.049    -0.127    -1.359     1.864     0.004     0.000     0.000     0.000    -0.112     0.030    -1.236    -0.331     1.694     0.000     0.000 

ddG: E164A    -3.182     4.316    -0.115   -10.673    -0.021     2.929    -0.037     0.093    -0.262    -1.357     4.207     0.001     0.000     0.000     0.000     0.356    -0.320    -4.585     0.139     2.147     0.000     0.000 

ddG: D403A     2.783     5.197     2.348   -10.185    -0.009     5.972    -0.027    -0.206    -0.028     1.579     1.871     0.011     0.000     0.000     0.000     0.111    -0.583    -4.852    -0.295     1.880     0.000     0.000 

ddG: C167A    -0.817    -2.608     0.136     3.290     0.011    -1.198     0.015    -0.296     0.441    -0.584    -0.644     0.005     0.000     0.000     0.000     0.381    -0.251     0.680    -0.433     0.238     0.000     0.000 

ddG: C167Q     2.038   -10.578     2.056    10.052     0.021    -2.141     0.023    -0.004    -0.061    -0.550    -1.311     0.002     0.000     0.000     0.000    -0.062    -0.109     6.344    -0.110    -1.533     0.000     0.000 

ddG: P180K     7.262    -1.851     1.089     5.813     0.018     0.701     0.007     0.037     0.022    -0.820     0.295     0.003     0.000     0.000     0.000    -0.102    -0.537     1.978     0.677    -0.068     0.000     0.000 

ddG: E177A    -1.854    -1.581     0.204     0.172    -0.011     0.719    -0.043     0.195    -0.119     0.349    -0.040    -0.007     0.000     0.000     0.000     0.370     0.054    -4.406     0.142     2.147     0.000     0.000 

ddG: E177L    -2.595     1.449     0.849    -4.256     0.018    -1.013     0.002    -0.061    -0.194     0.899    -0.013     0.006     0.000     0.000     0.000     0.096     0.142    -2.580    -0.095     2.156     0.000     0.000 

ddG: E154D     1.320    -2.069    -0.514     3.249     0.008     0.088    -0.019    -0.038     0.420    -0.510    -0.442     0.000     0.000     0.000     0.000    -0.038     0.077     1.003    -0.162     0.267     0.000     0.000 

ddG: I195S     3.826    -1.304    -2.001    11.983    -0.030    -2.798    -0.030     0.312     0.010    -1.428    -0.304     0.001     0.000     0.000     0.000    -0.808    -0.248     1.178    -0.050    -0.655     0.000     0.000 

ddG: E177K     0.544    -0.467     0.140    -0.986    -0.003     0.881    -0.009     0.400    -0.154     0.235     0.695    -0.001     0.000     0.000     0.000     0.028    -0.064    -1.698     0.280     1.266     0.000     0.000 

ddG: A192S    -0.390    -1.377     0.077     2.098    -0.003    -0.849     0.005    -0.076    -0.433     0.101    -0.444     0.000     0.000     0.000     0.000     0.188    -0.161     0.697     0.205    -0.416     0.000     0.000 

ddG: F72H     0.941     5.831     0.604    -2.945    -0.007    -1.490     0.020     0.089    -0.254     0.373    -0.382     0.006     0.000     0.000     0.000     0.144    -0.508    -0.701     0.234    -0.073     0.000     0.000 

ddG: R240A    -1.382     7.865    -0.124   -10.429    -0.013     1.906    -0.037    -0.273    -0.279     0.157     1.410    -0.005     0.000     0.000     0.000     0.109     0.156    -2.424    -0.145     0.742     0.000     0.000 

ddG: S14A    -1.204     0.753    -1.714     1.167     0.023    -3.285     0.002     0.050     0.059     1.618    -2.483    -0.006     0.000     0.000     0.000     0.099     0.596     1.696    -0.195     0.416     0.000     0.000 

ddG: M323A     1.996     4.656     0.071    -3.754    -0.004     1.651    -0.004    -0.180    -0.016    -0.833     1.066    -0.006     0.000     0.000     0.000     0.186    -0.490    -1.307     0.525     0.434     0.000     0.000 

ddG: S298E    -2.997    -6.805    -1.464     9.480     0.003    -0.657    -0.330    -0.152    -0.019    -1.918    -0.411     0.002     0.000     0.000     0.000     0.105    -1.095     1.804     0.189    -1.730     0.000     0.000 

ddG: E222Q    -2.182    -1.736     0.840    -2.312    -0.007     1.206     0.048     0.140    -0.040    -0.163     0.092     0.001     0.000     0.000     0.000     0.021    -0.589    -0.474     0.417     0.376     0.000     0.000 

ddG: G355A     0.482    -2.273     1.678    -1.544     0.011    -0.364     0.005    -0.035     0.067     2.021    -1.032     0.001     0.000     0.000     0.000     0.660     0.100    -0.454     1.188     0.452     0.000     0.000 

ddG: E222H    -2.254    -6.886    -0.552     3.112     0.013     0.828     0.047     0.382     0.002    -1.946    -0.400     0.000     0.000     0.000     0.000    -0.238    -0.531     1.924     0.080     1.911     0.000     0.000 

ddG: L122N     5.744    -3.433     0.357     8.822    -0.019     1.728    -0.046    -0.037    -0.337    -0.102     1.038    -0.007     0.000     0.000     0.000     0.305    -0.818    -0.488     0.325    -1.544     0.000     0.000 

ddG: E406D     2.962     1.720     0.430    -2.317    -0.015     3.451    -0.042    -0.096    -0.027     0.308     2.393    -0.006     0.000     0.000     0.000     0.254    -0.235    -3.112    -0.010     0.267     0.000     0.000 

ddG: H178R     3.876     0.362    -1.332     4.604     0.089     2.004    -0.001     0.235    -0.055    -1.313     1.900    -0.009     0.000     0.000     0.000    -0.015    -0.098    -2.478     0.490    -0.507     0.000     0.000 

ddG: G22S     8.307    -3.432     5.578     2.961    -0.004     0.700    -0.003    -0.025     0.605     0.310     0.749    -0.002     0.000     0.000     0.000     0.961     0.743    -1.625     0.755     0.036     0.000     0.000 

ddG: Q19A     0.380     4.574    -0.835    -3.089    -0.005    -0.037    -0.036    -0.229     0.065     0.354     0.142    -0.010     0.000     0.000     0.000     0.459     0.300    -2.597    -0.448     1.771     0.000     0.000 

ddG: L171R     1.660    -8.637     2.117    12.059     0.029    -2.095     0.000     0.201     0.001    -0.429    -1.287     0.003     0.000     0.000     0.000     0.193    -0.715     0.802     0.168    -0.751     0.000     0.000 

ddG: H119N     1.152     3.137    -0.683     1.689    -0.008    -0.014     0.002     0.225    -0.111     0.368    -1.086     0.006     0.000     0.000     0.000     0.055    -0.255    -1.177     0.303    -1.299     0.000     0.000 

ddG: P329N     2.621     2.284    -0.373    -1.186     0.002    -0.028     0.028     0.178    -0.119     2.102    -0.841    -0.002     0.000     0.000     0.000     0.131    -0.028     0.886     0.309    -0.723     0.000     0.000 

ddG: S16A    -1.756    -7.179     1.946     6.696    -0.005    -4.361    -0.008     0.658     0.233    -2.015    -0.226     0.007     0.000     0.000     0.000    -0.233    -0.577     2.642     0.250     0.416     0.000     0.000 

ddG: K334A     0.329     0.026    -0.604     1.615     0.023    -3.140    -0.042     0.316     0.157    -1.406    -0.194     0.006     0.000     0.000     0.000    -0.391     0.258     3.078    -0.251     0.880     0.000     0.000 

ddG: W407C     7.774    19.063    -2.210    -6.812    -0.028    -0.234    -0.029    -0.173    -0.145     0.966     0.154     0.016     0.000     0.000     0.000     0.626     0.445    -1.852    -1.439    -0.574     0.000     0.000 

ddG: E164R     9.217    -5.867     4.670     1.691    -0.003     4.352    -0.053     0.948     0.019    -1.633     1.901    -0.002     0.000     0.000     0.000    -0.346     0.161     2.108    -0.134     1.405     0.000     0.000 

ddG: M316R     0.475    -4.761     0.395     8.192     0.034    -4.830     0.017    -0.032     0.394    -0.984    -1.722     0.007     0.000     0.000     0.000    -0.082    -0.176     4.224     0.105    -0.308     0.000     0.000 

ddG: W407G     6.943    17.865    -4.067    -1.212    -0.024    -3.154     0.003     0.207    -0.008     0.175    -0.772     0.009     0.000     0.000     0.000     0.018     0.177     0.066    -1.550    -0.789     0.000     0.000 

ddG: I91E     1.626     0.403    -1.173     1.602    -0.008    -0.807     0.003     0.106     0.120     1.114    -1.039    -0.001     0.000     0.000     0.000    -0.193     0.274     4.236    -0.625    -2.386     0.000     0.000 

ddG: H101R     0.203     0.887     0.268     0.108    -0.010     0.474    -0.005     0.033    -0.020     0.257     0.136     0.000     0.000     0.000     0.000    -0.088    -0.129    -0.862    -0.340    -0.507     0.000     0.000 

ddG: I244E     2.626    -5.005     0.076     8.028     0.012     0.035    -0.042     0.025     0.116    -0.518    -1.572     0.000     0.000     0.000     0.000     0.022    -0.180     4.043    -0.029    -2.386     0.000     0.000 

ddG: H119E     1.973    -1.309    -2.343     9.087     0.029    -3.195    -0.043    -0.116     0.581    -0.530    -2.772    -0.004     0.000     0.000     0.000     0.065     1.110     2.993     0.332    -1.911     0.000     0.000 

ddG: Y75H     5.672     2.767    -0.130     1.344    -0.023     0.437     0.044     0.079     0.026    -0.201     1.176     0.007     0.000     0.000     0.000    -0.190    -0.329     0.302     0.138     0.226     0.000     0.000 

ddG: Q19A     3.488     8.303    -1.988    -6.612     0.005     1.920    -0.011     0.027    -0.064    -1.245     2.283    -0.003     0.000     0.000     0.000    -0.062     0.008    -0.755    -0.088     1.771     0.000     0.000 

ddG: S400A    -2.002     3.253    -0.058    -5.068     0.017    -0.688    -0.014    -0.058    -0.163    -0.716     0.036     0.006     0.000     0.000     0.000    -0.369     0.408     0.617     0.378     0.416     0.000     0.000 

ddG: E222K    -3.132     0.098     1.334    -1.068    -0.003    -1.909     0.004     0.093     0.007    -0.425    -0.891     0.005     0.000     0.000     0.000    -0.138    -0.260    -1.126    -0.120     1.266     0.000     0.000 

ddG: H379T     1.733     8.134     0.511    -4.473    -0.020     2.865     0.002     0.112    -0.479    -0.801    -0.639     0.001     0.000     0.000     0.000     0.367    -0.587    -3.358     0.292    -0.193     0.000     0.000 

ddG: F415A     4.021    10.615    -1.473    -2.644    -0.015     1.036     0.019    -0.385     0.026    -0.043    -0.656     0.005     0.000     0.000     0.000     0.383    -0.484    -2.605     0.078     0.162     0.000     0.000 

ddG: R240E    -0.690     2.104     0.591     1.669     0.009    -2.330    -0.046     0.474     0.086     1.488    -2.788     0.002     0.000     0.000     0.000    -0.469     0.199     0.207    -0.481    -1.405     0.000     0.000 

ddG: R240D     3.109    -3.860     0.399     7.297    -0.002    -1.700     0.003     0.500    -0.013    -1.141     0.926     0.007     0.000     0.000     0.000    -0.106    -0.617     2.130     0.425    -1.138     0.000     0.000 

ddG: Q19S     2.221     0.609     1.007     0.620     0.013    -1.086     0.071     0.110    -0.022    -0.796     0.654    -0.001     0.000     0.000     0.000     0.212    -0.499    -0.231     0.205     1.355     0.000     0.000 

ddG: S344A    -2.115    -1.657    -1.358     0.788     0.007    -0.067    -0.041     0.067    -0.042     0.224    -1.718    -0.005     0.000     0.000     0.000     0.405    -0.302     0.984     0.185     0.416     0.000     0.000 

ddG: H373R    -0.648     1.448    -2.045     1.893    -0.032    -0.902     0.036    -0.298     0.137    -0.093     0.213     0.004     0.000     0.000     0.000     0.033     0.189    -0.746     0.021    -0.507     0.000     0.000 

ddG: H178A     3.838     9.679    -0.124    -5.420    -0.006     0.520    -0.063    -0.219     0.242     0.817     0.398     0.001     0.000     0.000     0.000     0.220     0.344    -2.733    -0.052     0.235     0.000     0.000 

ddG: S331A    -2.512     3.532    -1.308    -3.673     0.008    -1.175    -0.035     0.053    -0.369     0.034    -0.692    -0.001     0.000     0.000     0.000    -0.440     0.441     0.411     0.287     0.416     0.000     0.000 

ddG: S17A    -2.930    11.126     0.654   -17.106     0.003     0.970     0.055    -0.196    -0.038     0.285     2.067     0.002     0.000     0.000     0.000    -0.188     0.083    -1.316     0.253     0.416     0.000     0.000 

ddG: E353A    -3.922     8.553    -5.283   -11.110     0.023     2.254     0.062    -0.311    -0.046     0.856     0.925     0.002     0.000     0.000     0.000     0.342    -0.480    -2.030     0.176     2.147     0.000     0.000 

ddG: G174R    15.822    -7.995     4.809     9.463     0.075     1.241     0.044     0.285     0.547     0.041    -0.101    -0.004     0.000     0.000     0.000     0.110     0.984     6.148     0.464    -0.290     0.000     0.000 

ddG: E426S     0.186    -4.057     1.553     5.277    -0.006    -2.287    -0.035     0.158     0.052     0.852    -1.139     0.007     0.000     0.000     0.000    -0.106     0.162    -1.555    -0.420     1.730     0.000     0.000 

ddG: E406A     1.593     4.665    -1.678    -4.542    -0.006     1.789     0.004     0.506    -0.002    -1.219     0.579    -0.005     0.000     0.000     0.000    -0.741     0.028     0.029     0.040     2.147     0.000     0.000 

ddG: S16N     2.408    -6.415    -1.237     6.961     0.018     1.559    -0.054    -0.099     0.197    -0.993    -0.246     0.004     0.000     0.000     0.000    -0.246     0.778     3.374    -0.074    -1.119     0.000     0.000 

ddG: H315E     0.776     0.376    -0.897     1.849     0.023    -1.653    -0.016     0.023     0.028     0.291    -1.281    -0.006     0.000     0.000     0.000    -0.197     0.049     3.605     0.494    -1.911     0.000     0.000 

ddG: T303N     0.042    -6.924     1.881     7.615     0.008    -1.572     0.043     0.210     0.059    -0.592    -1.229     0.008     0.000     0.000     0.000     0.274    -0.226     1.286     0.309    -1.107     0.000     0.000 

ddG: N404C     2.993     9.893    -1.741    -9.418    -0.006     3.290    -0.046    -0.090     0.052    -0.767     3.045     0.000     0.000     0.000     0.000    -0.426     0.124    -2.093    -0.121     1.297     0.000     0.000 

ddG: L402C     2.021     5.929    -2.861     2.059    -0.006    -1.392     0.063     0.194    -0.144    -0.572    -1.421    -0.006     0.000     0.000     0.000    -0.302    -0.209     0.789     0.148    -0.247     0.000     0.000 

ddG: F415N     3.489     6.989    -0.776     1.943    -0.024    -1.185     0.008     0.010    -0.276    -0.425    -0.423     0.000     0.000     0.000     0.000     0.126    -0.471    -0.541    -0.092    -1.373     0.000     0.000 

ddG: H119A    -0.932     9.312    -2.433    -8.499     0.005     1.977    -0.029    -0.324     0.358     0.182     1.901     0.009     0.000     0.000     0.000     0.052    -0.269    -3.803     0.393     0.235     0.000     0.000 

ddG: E222R    -2.572    -3.254     0.440     2.538     0.010    -1.222     0.059     0.216    -0.298     0.234    -2.956     0.001     0.000     0.000     0.000    -0.125    -0.076     0.482    -0.028     1.405     0.000     0.000 

ddG: L122E     8.283    -2.124    -0.007     9.542    -0.063     1.287    -0.021     0.344    -0.051    -0.918     0.815    -0.005     0.000     0.000     0.000    -0.145    -0.118     1.602     0.303    -2.156     0.000     0.000 

ddG: S17E     8.165    -1.318     0.362     2.387     0.040     0.184     0.240     0.343    -0.382     0.125     2.246    -0.001     0.000     0.000     0.000    -0.987     1.026     5.565     0.066    -1.730     0.000     0.000 

ddG: P180L     7.207     8.243     0.000    -5.533    -0.012     1.234     0.007     0.413    -0.291     0.564     1.084     0.000     0.000     0.000     0.000    -0.111     0.483     0.592    -0.287     0.822     0.000     0.000 

ddG: I244N    -3.003    -4.498    -0.232     7.210    -0.009    -3.044     0.007    -0.073     0.060    -0.169    -4.094    -0.006     0.000     0.000     0.000     0.041     0.166     3.435    -0.023    -1.774     0.000     0.000 

ddG: R240K    -1.288     4.568     0.111    -4.612     0.011    -0.877    -0.016    -0.023    -0.009    -0.541     0.892     0.007     0.000     0.000     0.000    -0.173     0.235    -0.271    -0.453    -0.138     0.000     0.000 

ddG: T296A     2.303     2.541    -0.293    -4.385    -0.025     2.687    -0.037     0.062     0.050     1.516     1.017    -0.001     0.000     0.000     0.000     0.045     0.150    -1.145    -0.309     0.428     0.000     0.000 

ddG: W247N     8.912    15.053    -2.296     1.636     0.004    -2.685    -0.008     0.011     0.021    -0.555    -1.741    -0.001     0.000     0.000     0.000     0.218     0.783    -0.093     0.436    -1.871     0.000     0.000 

ddG: W399G    10.661    27.118    -5.273   -18.527    -0.015     3.830     0.083     0.024     0.419     0.507     3.620     0.005     0.000     0.000     0.000     0.286    -0.644    -0.416     0.433    -0.789     0.000     0.000 

ddG: I300N    -1.619    -2.374    -0.923     7.658    -0.030    -1.599    -0.022    -0.006    -0.173     0.828    -3.552     0.001     0.000     0.000     0.000    -0.013    -0.533     0.282     0.610    -1.774     0.000     0.000 

ddG: W34A    10.844    14.736    -3.131     3.810     0.000    -1.583    -0.018    -0.328    -0.183    -0.010    -0.907     0.007     0.000     0.000     0.000     0.049     0.138    -1.236    -0.164    -0.336     0.000     0.000 

ddG: W325R     5.660     4.318    -0.456     5.602    -0.012    -1.897    -0.007     0.116    -0.158    -0.922    -0.639     0.002     0.000     0.000     0.000     0.561     0.146    -0.314     0.399    -1.078     0.000     0.000 

ddG: E222A     0.056     7.379     0.681   -12.980    -0.036     5.244    -0.041    -0.008     0.362    -0.152     2.927    -0.001     0.000     0.000     0.000     0.344    -0.185    -5.748     0.125     2.147     0.000     0.000 

ddG: Q19C     1.860     9.874    -0.793    -8.732    -0.012     1.415     0.038    -0.045     0.040    -1.257     1.830    -0.002     0.000     0.000     0.000     0.173    -0.083    -2.654     0.535     1.533     0.000     0.000 

ddG: H315N    -0.780     1.743    -0.740    -1.460     0.010     0.900    -0.044     0.121     0.005     0.485     0.526     0.000     0.000     0.000     0.000    -0.229     0.077    -0.781    -0.093    -1.299     0.000     0.000 

ddG: H379R     7.175     1.017    -0.072     5.331     0.021     1.414    -0.002    -0.243     0.189    -0.778     0.489     0.007     0.000     0.000     0.000    -0.115     0.133     0.667    -0.376    -0.507     0.000     0.000 

ddG: R76A    -0.770     6.476    -2.586   -11.533    -0.009     4.708    -0.017    -0.192    -0.110     0.458     4.547    -0.001     0.000     0.000     0.000     0.397    -0.800    -2.907     0.057     0.742     0.000     0.000 

ddG: K341A     1.456     1.241     0.684    -2.770    -0.013     2.027    -0.043    -0.017    -0.322     0.692     1.398     0.006     0.000     0.000     0.000     0.166    -0.064    -2.235    -0.175     0.880     0.000     0.000 

ddG: Q313R    -0.333   -11.418     0.530    13.698     0.055    -5.197     0.005    -0.132     0.129    -0.911    -2.306     0.007     0.000     0.000     0.000     0.192    -0.308     4.375    -0.080     1.029     0.000     0.000 

ddG: L171A     2.551     5.818    -1.403    -0.869     0.000    -1.500     0.036     0.540    -0.101    -0.312    -1.673    -0.004     0.000     0.000     0.000    -0.526     0.142     2.090     0.324    -0.009     0.000     0.000 

ddG: Y18A     4.429     6.461    -1.248     0.388    -0.013    -1.472     0.056     0.119    -0.295     1.416    -1.624     0.000     0.000     0.000     0.000    -0.350    -0.268     0.846    -0.046     0.461     0.000     0.000 

ddG: Y166P     1.508     4.546     3.485    -2.437    -0.018    -2.821     0.412     0.022     0.028    -0.068    -1.736     0.001     0.000     0.000     0.000     0.345     0.006     0.147    -0.052    -0.351     0.000     0.000 

ddG: W407R     5.676     8.453    -3.822     5.172     0.006    -2.357    -0.052    -0.170    -0.182     0.863    -0.822    -0.012     0.000     0.000     0.000     0.243     1.140    -0.348    -1.360    -1.078     0.000     0.000 

ddG: W325L     4.474     6.044    -1.437     0.643     0.151    -0.586    -0.032     0.070     0.048    -0.164     0.698     0.001     0.000     0.000     0.000     0.153     0.082    -0.812    -0.058    -0.327     0.000     0.000 

ddG: S169P    13.770    -1.513     8.684    -4.242     0.004     0.346     1.234     1.064     0.151    -0.088    -0.314     0.003     0.000     0.000     0.000     1.389     1.226     5.433     0.790    -0.396     0.000     0.000 

ddG: W399C     7.133    18.633    -0.622   -10.451    -0.045     2.493     0.005    -0.021    -0.078     0.297     1.144     0.007     0.000     0.000     0.000    -0.096     0.061    -3.809     0.190    -0.574     0.000     0.000 

ddG: T15A     1.450     0.539    -1.022    -1.024     0.003    -0.620     0.000    -0.049    -0.005    -0.418     0.774    -0.006     0.000     0.000     0.000     0.440    -0.004     1.825     0.587     0.428     0.000     0.000 

ddG: W407Q     6.386    16.338    -2.836    -7.645    -0.013     2.688    -0.002    -0.255    -0.087    -0.490     1.867    -0.002     0.000     0.000     0.000     0.140     0.116    -0.646    -0.680    -2.107     0.000     0.000 

ddG: W399S     5.786    16.165    -0.475    -9.545    -0.043     2.888    -0.044    -0.084    -0.139     0.182     0.769    -0.003     0.000     0.000     0.000     0.343    -0.202    -3.876     0.602    -0.753     0.000     0.000 

ddG: Y295A    10.010     9.602    -3.212    -4.051     0.023     0.973     0.018     0.259     0.427     0.286     2.755     0.006     0.000     0.000     0.000     0.319    -0.704     2.270     0.579     0.461     0.000     0.000 

ddG: T218A    -0.567     5.838    -0.745    -9.316    -0.028     2.940     0.003    -0.507     0.030     0.762     2.285    -0.008     0.000     0.000     0.000     0.713    -0.116    -3.267     0.421     0.428     0.000     0.000 

ddG: H178R     3.596    -4.408    -0.615    10.692     0.126    -2.026    -0.040     0.332     0.296    -0.101    -1.356    -0.004     0.000     0.000     0.000     0.074     0.355     0.645     0.131    -0.507     0.000     0.000 

ddG: Y294A     5.807     9.635     0.192    -0.355    -0.022    -3.290    -0.073     0.429     0.429    -1.652     0.016     0.001     0.000     0.000     0.000    -0.200    -0.017     0.170     0.081     0.461     0.000     0.000 

ddG: R297F     0.717    -1.784    -0.176    -4.833     0.034     4.234     0.053    -0.310    -0.262     1.651     2.530    -0.005     0.000     0.000     0.000     0.643     0.423    -1.771    -0.289     0.580     0.000     0.000 

ddG: H328L     5.657     3.795     2.920    -7.305    -0.007     2.095    -0.002    -0.077     0.364     0.834     1.811     0.000     0.000     0.000     0.000     0.813    -0.424    -0.290     0.884     0.245     0.000     0.000 

ddG: H328C    -1.486     2.587    -0.944    -0.495    -0.015    -0.309     0.003     0.055    -0.041     1.418    -0.609     0.000     0.000     0.000     0.000     0.133    -0.087    -3.178     0.000    -0.003     0.000     0.000 

ddG: T352A    -1.492     5.515    -2.478    -3.872     0.022    -1.912     0.034     0.119     0.068     0.139    -2.011    -0.007     0.000     0.000     0.000    -0.283     0.015     2.469     0.260     0.428     0.000     0.000 

ddG: W407A     6.584    23.638    -3.727   -13.136    -0.042     2.437     0.001    -0.127     0.023    -0.980     2.990     0.009     0.000     0.000     0.000    -0.034     0.113    -3.341    -0.903    -0.336     0.000     0.000 

ddG: Y294F    -1.267    -3.093    -0.461     1.193     0.017    -1.233    -0.006     0.067     0.341    -0.074    -1.658     0.006     0.000     0.000     0.000     0.135     0.298     2.857     0.045     0.299     0.000     0.000 

ddG: V52G    -2.373    -1.566    -0.868     4.818     0.005    -3.439     0.040     0.191    -0.009    -0.643    -2.225     0.001     0.000     0.000     0.000    -0.428    -0.139     2.815    -0.319    -0.604     0.000     0.000 

ddG: W399A     7.399    22.604    -1.004   -12.857    -0.020    -0.678    -0.038     0.136     0.513    -0.168     0.241     0.001     0.000     0.000     0.000    -0.387     0.154    -0.814     0.050    -0.336     0.000     0.000 

ddG: W399R    10.424    10.264    -1.237     4.162    -0.022    -0.450     0.041     0.430    -0.154    -0.095    -3.232    -0.006     0.000     0.000     0.000    -0.410     0.623     1.148     0.442    -1.078     0.000     0.000 

ddG: E222Y    -8.269   -12.919    -0.141     7.300     0.046    -3.846     0.001     0.284     0.097     0.042    -2.549     0.001     0.000     0.000     0.000     0.182    -0.473     2.476    -0.455     1.685     0.000     0.000 

ddG: Y295G    11.281    17.666    -3.000    -9.285     0.019     1.100     0.070     0.177    -0.057     0.201     2.984     0.008     0.000     0.000     0.000     0.428    -0.963     1.194     0.730     0.009     0.000     0.000 

ddG: T175R     1.930     2.193    -1.328    -0.496     0.021    -0.034    -0.001    -0.127    -0.049     1.351    -1.667    -0.005     0.000     0.000     0.000    -0.148     0.783     2.135    -0.386    -0.314     0.000     0.000 

ddG: W409Y     0.570     2.501     2.118    -0.911     0.002    -0.061    -0.044    -0.101    -0.114    -0.997    -0.061     0.002     0.000     0.000     0.000     0.348    -0.586    -1.141     0.414    -0.798     0.000     0.000 

